Date,Open,High,Low,Close,Adj Close,Volume
2018-01-02,53.16,53.57,52.799999,53.529999,44.402615,16045300
2018-01-03,53.299999,53.34,52.18,52.43,43.490177,16662400
2018-01-04,52.369999,52.889999,51.830002,52.599998,43.631184,12062800
2018-01-05,52.799999,52.880001,52.349998,52.48,43.531651,13348900
2018-01-08,52.560001,52.75,52.040001,52.389999,43.457005,16212700
2018-01-09,52.119999,52.439999,51.549999,51.610001,43.297596,14677800
2018-01-10,51.389999,51.73,51.150002,51.689999,43.364712,12593400
2018-01-11,51.889999,52.18,51.639999,52.110001,43.717064,15568200
2018-01-12,51.939999,52.240002,51.779999,51.860001,43.507324,17673700
2018-01-16,51.68,52.02,51.419998,51.66,43.339542,14739200
2018-01-17,51.810001,51.900002,51.209999,51.720001,43.389889,11591500
2018-01-18,51.900002,53.299999,51.389999,51.549999,43.247261,29442600
2018-01-19,51.740002,51.919998,51.16,51.91,43.549278,23761300
2018-01-22,52.049999,53.490002,52.009998,53.459999,44.849628,27691300
2018-01-23,54.599998,54.599998,52.810001,53.23,44.656677,33000500
2018-01-24,53.82,54.439999,53.5,54.220001,45.487225,21080400
2018-01-25,54.279999,54.77,54.009998,54.290001,45.545952,18638700
2018-01-26,54.490002,54.75,54.34,54.720001,45.9067,13077600
2018-01-29,53.580002,54.580002,53.400002,54.130001,45.411724,17052600
2018-01-30,54.299999,54.5,53.790001,53.900002,45.218773,15401500
2018-01-31,53.990002,54.419998,53.529999,54.07,45.361385,17827000
2018-02-01,54.490002,54.75,54.009998,54.299999,45.554344,18646100
2018-02-02,54.27,54.27,52.900002,52.98,44.446949,15574000
2018-02-05,52.52,53.189999,50.5,50.5,42.366375,22239600
2018-02-06,49.439999,51.0,49.07,50.830002,42.643227,34543900
2018-02-07,50.630001,51.93,50.5,51.009998,42.794235,16066600
2018-02-08,50.889999,51.080002,49.0,49.040001,41.141533,23308900
2018-02-09,49.599998,50.299999,48.369999,49.880001,41.846233,27707900
2018-02-12,50.220001,50.66,49.580002,50.110001,42.0392,16903000
2018-02-13,49.91,50.259998,49.169998,50.080002,42.014027,11871700
2018-02-14,49.759998,50.099998,49.32,49.509998,41.535824,17559200
2018-02-15,49.549999,49.779999,48.950001,49.740002,41.728786,18902700
2018-02-16,49.689999,50.459999,49.689999,50.150002,42.072754,12264000
2018-02-20,49.84,49.889999,48.759998,48.919998,41.040855,21330400
2018-02-21,48.799999,48.860001,47.939999,47.959999,40.235474,20889900
2018-02-22,48.25,48.700001,47.779999,47.869999,40.159973,21198300
2018-02-23,48.09,48.299999,47.540001,48.290001,40.512318,26371400
2018-02-26,48.720001,49.150002,48.450001,49.09,41.183479,20853900
2018-02-27,49.02,49.169998,48.040001,48.040001,40.302589,23234700
2018-02-28,48.759998,48.959999,47.720001,47.740002,40.050907,22159100
2018-03-01,47.689999,48.599998,47.509998,47.959999,40.235474,28950200
2018-03-02,47.830002,48.330002,47.759998,48.259998,40.487152,17449900
2018-03-05,48.150002,48.939999,48.02,48.709999,40.864674,15348400
2018-03-06,48.75,48.889999,48.299999,48.889999,41.015694,13526900
2018-03-07,48.540001,49.209999,48.459999,48.84,40.97374,16738200
2018-03-08,48.889999,49.029999,48.32,49.009998,41.11636,17038500
2018-03-09,49.200001,49.23,48.349998,49.009998,41.11636,14927100
2018-03-12,49.029999,49.259998,48.669998,48.799999,40.940178,12526300
2018-03-13,49.0,49.259998,48.5,48.650002,40.814342,12840200
2018-03-14,48.93,49.099998,48.360001,48.450001,40.646553,11930400
2018-03-15,48.529999,48.77,48.139999,48.290001,40.512318,9537400
2018-03-16,48.41,48.779999,48.220001,48.560001,40.738838,26838100
2018-03-19,48.529999,48.610001,48.119999,48.310001,40.529102,12980800
2018-03-20,48.400002,48.59,47.580002,47.689999,40.008961,10765500
2018-03-21,47.689999,47.959999,47.27,47.279999,39.664993,11062500
2018-03-22,47.099998,47.52,46.77,46.880001,39.329426,14270800
2018-03-23,47.060001,47.459999,46.200001,46.290001,38.834442,15955100
2018-03-26,46.779999,47.169998,46.59,47.07,39.488823,15435500
2018-03-27,47.099998,47.900002,46.84,47.310001,39.690166,14544700
2018-03-28,47.889999,48.560001,47.830002,48.0,40.269028,17728000
2018-03-29,48.200001,48.73,47.57,47.82,40.118027,17305500
2018-04-02,47.619999,47.939999,46.720001,47.16,39.564331,16511200
2018-04-03,47.220001,47.529999,46.709999,47.5,39.849556,14841300
2018-04-04,47.16,47.990002,46.900002,47.93,40.210308,12376400
2018-04-05,47.98,48.349998,47.68,48.240002,40.470371,13201300
2018-04-06,48.099998,48.279999,47.27,47.48,39.832783,16071600
2018-04-09,47.029999,47.5,46.799999,46.919998,39.858269,13475300
2018-04-10,47.200001,48.970001,46.990002,48.27,41.005085,24309300
2018-04-11,47.93,47.990002,47.48,47.580002,40.418945,11695600
2018-04-12,47.869999,48.139999,47.439999,47.740002,40.554863,8837900
2018-04-13,47.91,47.98,47.509998,47.66,40.486897,7302000
2018-04-16,47.950001,48.459999,47.860001,48.389999,41.107029,8885500
2018-04-17,48.59,49.040001,48.310001,48.849998,41.497795,11575500
2018-04-18,49.0,49.060001,48.57,48.619999,41.302406,8347700
2018-04-19,48.599998,48.959999,48.380001,48.43,41.141006,11174200
2018-04-20,48.310001,48.619999,47.209999,47.900002,40.690777,18224700
2018-04-23,48.200001,48.720001,47.970001,48.66,41.336384,14211600
2018-04-24,49.919998,50.389999,49.139999,49.669998,42.194378,20920400
2018-04-25,50.060001,50.16,49.240002,50.099998,42.559654,19893200
2018-04-26,49.599998,50.040001,49.439999,49.759998,42.270828,14121900
2018-04-27,50.25,51.689999,50.16,51.57,43.808414,25986200
2018-04-30,51.400002,51.650002,49.34,49.349998,41.922527,28938900
2018-05-01,49.490002,49.650002,48.240002,48.82,41.472309,16101400
2018-05-02,48.790001,48.860001,47.490002,47.75,40.563351,18515900
2018-05-03,47.720001,47.860001,47.360001,47.84,40.639801,16114100
2018-05-04,47.5,48.32,47.490002,48.189999,40.937122,10669300
2018-05-07,48.18,48.32,47.57,47.73,40.546364,12892100
2018-05-08,47.540001,47.599998,46.73,47.02,39.943222,16716900
2018-05-09,47.0,47.18,46.09,46.380001,39.399544,23083300
2018-05-10,46.68,47.290001,46.52,47.200001,40.096127,15727500
2018-05-11,48.07,49.07,47.919998,48.619999,41.302406,22872800
2018-05-14,48.669998,48.900002,48.279999,48.490002,41.191971,10362600
2018-05-15,48.150002,48.290001,47.619999,47.790001,40.597328,12655400
2018-05-16,47.790001,48.09,47.66,47.860001,40.656796,9798800
2018-05-17,47.860001,48.040001,47.66,47.849998,40.648296,8907500
2018-05-18,47.84,47.889999,47.32,47.740002,40.554863,11384400
2018-05-21,47.790001,48.5,47.740002,48.43,41.141006,8588800
2018-05-22,48.330002,49.310001,48.259998,48.810001,41.46381,18539800
2018-05-23,48.740002,48.98,48.330002,48.59,41.276924,14027800
2018-05-24,48.889999,49.0,48.470001,48.639999,41.319389,13580400
2018-05-25,48.59,48.650002,48.240002,48.52,41.217457,7948000
2018-05-29,48.299999,48.459999,47.860001,48.200001,40.945625,13035300
2018-05-30,48.490002,48.720001,48.240002,48.599998,41.285408,10459100
2018-05-31,48.52,48.529999,47.52,47.669998,40.495392,27288300
2018-06-01,47.889999,48.0,47.610001,47.810001,40.614323,9967100
2018-06-04,48.049999,48.16,47.73,47.82,40.622803,9012600
2018-06-05,47.779999,48.189999,47.77,47.970001,40.750237,10378000
2018-06-06,48.16,48.439999,47.790001,48.41,41.124016,12924800
2018-06-07,47.959999,49.259998,47.849998,49.009998,41.633709,19674300
2018-06-08,48.450001,49.200001,48.43,49.18,41.778122,15399300
2018-06-11,49.490002,49.799999,49.259998,49.299999,41.880058,14143700
2018-06-12,49.580002,49.639999,48.66,48.810001,41.46381,15597900
2018-06-13,48.450001,48.549999,47.380001,47.400002,40.266029,30809400
2018-06-14,47.759998,47.889999,47.299999,47.82,40.622803,17568400
2018-06-15,47.77,48.060001,47.619999,48.060001,40.826683,31398000
2018-06-18,47.900002,48.0,47.130001,47.459999,40.316994,15330400
2018-06-19,47.669998,48.779999,47.52,48.5,41.20047,25070000
2018-06-20,48.639999,48.66,47.810001,48.09,40.852177,11996800
2018-06-21,48.869999,49.0,48.380001,48.630001,41.310902,14854600
2018-06-22,48.959999,49.93,48.84,49.759998,42.270828,31911000
2018-06-25,49.84,50.040001,49.290001,49.599998,42.134911,19301900
2018-06-26,49.619999,49.75,49.07,49.299999,41.880058,13597000
2018-06-27,49.18,49.73,49.009998,49.310001,41.888561,14144300
2018-06-28,49.43,51.049999,49.41,50.860001,43.205269,21605500
2018-06-29,50.73,50.849998,50.080002,50.310001,42.738052,18023100
2018-07-02,50.25,50.439999,49.700001,50.419998,42.83149,13141200
2018-07-03,50.459999,51.09,50.299999,50.700001,43.069359,8441100
2018-07-05,50.990002,51.299999,50.52,51.279999,43.562054,11279600
2018-07-06,51.419998,51.66,51.23,51.48,43.73196,10203800
2018-07-09,51.029999,51.110001,50.68,50.740002,43.603062,10491200
2018-07-10,50.799999,51.419998,50.740002,51.34,44.118668,9614600
2018-07-11,51.220001,51.75,51.150002,51.34,44.118668,14348100
2018-07-12,51.5,51.580002,50.959999,51.240002,44.032734,10583900
2018-07-13,51.099998,51.450001,50.93,51.41,44.178822,11175100
2018-07-16,51.360001,51.720001,51.130001,51.59,44.3335,9633400
2018-07-17,51.540001,51.939999,51.419998,51.43,44.196007,10636100
2018-07-18,51.41,51.490002,50.880001,51.139999,43.946796,11734900
2018-07-19,51.099998,51.099998,50.599998,50.75,43.611645,9524200
2018-07-20,50.529999,50.990002,50.349998,50.619999,43.499931,12026500
2018-07-23,50.689999,50.98,50.27,50.75,43.611645,11703200
2018-07-24,51.25,51.869999,50.049999,51.509998,44.264748,23265200
2018-07-25,51.689999,52.049999,50.810001,50.91,43.749149,15702800
2018-07-26,51.130001,51.610001,51.110001,51.18,43.981178,11162000
2018-07-27,51.48,52.380001,51.48,52.009998,44.694427,14073700
2018-07-30,52.27,53.0,52.080002,52.490002,45.106915,16725000
2018-07-31,52.599998,52.669998,51.490002,51.639999,44.376465,16924200
2018-08-01,52.02,52.110001,51.450001,51.73,44.453812,12789400
2018-08-02,51.740002,52.009998,51.43,51.98,44.668644,12337500
2018-08-03,52.0,52.450001,51.869999,52.27,44.917854,7769900
2018-08-06,52.130001,52.720001,51.759998,52.48,45.09832,10768400
2018-08-07,52.48,52.73,52.220001,52.459999,45.081127,7106900
2018-08-08,52.549999,52.880001,52.41,52.700001,45.287369,9457300
2018-08-09,52.66,53.27,52.66,53.009998,45.553772,10768100
2018-08-10,52.93,52.93,52.27,52.470001,45.089725,7979600
2018-08-13,52.740002,52.779999,52.200001,52.220001,44.874878,9919400
2018-08-14,52.310001,52.939999,52.310001,52.869999,45.43346,11454400
2018-08-15,52.73,53.369999,52.459999,53.240002,45.751415,16473300
2018-08-16,53.25,54.419998,53.200001,54.27,46.636539,16265400
2018-08-17,54.259998,55.209999,54.099998,54.790001,47.083401,19102700
2018-08-20,54.93,55.080002,54.200001,54.650002,46.963089,10747400
2018-08-21,54.900002,55.07,54.470001,54.91,47.18652,11961200
2018-08-22,54.84,55.009998,53.939999,54.139999,46.52483,13911400
2018-08-23,54.16,54.549999,54.049999,54.279999,46.645138,8354400
2018-08-24,54.259998,54.830002,54.220001,54.779999,47.074802,8499900
2018-08-27,54.98,55.060001,54.650002,54.849998,47.134956,9539600
2018-08-28,54.82,54.900002,54.459999,54.650002,46.963089,11864600
2018-08-29,54.779999,54.959999,54.5,54.57,46.894341,9801900
2018-08-30,54.400002,54.799999,54.240002,54.75,47.049019,9696500
2018-08-31,54.509998,54.66,54.040001,54.369999,46.722477,14605400
2018-09-04,53.549999,53.720001,52.84,53.189999,45.70845,19898600
2018-09-05,53.02,53.970001,52.900002,53.82,46.249836,15301200
2018-09-06,53.939999,54.470001,53.700001,54.290001,46.653725,10521900
2018-09-07,54.130001,54.389999,53.880001,54.0,46.404518,11746500
2018-09-10,54.32,54.68,53.990002,54.119999,46.507637,10781900
2018-09-11,54.290001,54.959999,54.110001,54.720001,47.023251,12298800
2018-09-12,54.75,55.419998,54.560001,54.970001,47.238079,13130800
2018-09-13,55.080002,55.080002,54.27,54.939999,47.212307,12559900
2018-09-14,54.91,54.990002,54.18,54.549999,46.877155,13454700
2018-09-17,54.790001,55.02,54.43,54.700001,47.006062,11013700
2018-09-18,54.389999,54.810001,54.290001,54.389999,46.739662,13891100
2018-09-19,54.619999,54.700001,53.369999,53.5,45.974846,17471000
2018-09-20,53.599998,54.150002,53.32,53.950001,46.361549,14473400
2018-09-21,54.23,54.810001,54.119999,54.419998,46.765438,48954100
2018-09-24,54.310001,54.490002,53.529999,53.540001,46.009224,14029600
2018-09-25,53.5,53.66,52.919998,53.049999,45.588139,13604900
2018-09-26,53.290001,53.580002,53.080002,53.139999,45.665482,13308300
2018-09-27,53.150002,53.869999,53.150002,53.59,46.052185,13348100
2018-09-28,53.470001,53.560001,53.27,53.389999,45.880322,12634500
2018-10-01,53.610001,53.919998,53.5,53.84,46.267021,10682000
2018-10-02,53.799999,54.439999,53.599998,54.419998,46.765438,12482900
2018-10-03,54.740002,54.939999,54.139999,54.290001,46.653725,14939100
2018-10-04,54.349998,55.029999,53.959999,55.02,47.281048,15788400
2018-10-05,55.060001,55.439999,54.779999,54.939999,47.212307,14044900
2018-10-08,55.0,55.209999,54.450001,55.02,47.281048,16703700
2018-10-09,54.48,55.139999,54.029999,54.990002,47.778904,16962400
2018-10-10,54.990002,55.900002,54.290001,54.330002,47.205456,22025500
2018-10-11,54.509998,55.16,52.84,53.330002,46.336594,26336200
2018-10-12,53.82,53.889999,52.82,53.73,46.684132,18866600
2018-10-15,53.880001,54.25,53.599998,53.599998,46.571182,13022000
2018-10-16,53.459999,53.799999,53.259998,53.700001,46.658073,15981200
2018-10-17,53.75,54.380001,53.529999,53.959999,46.883968,14528100
2018-10-18,53.860001,54.68,53.779999,54.650002,47.48349,16865100
2018-10-19,54.619999,55.5,54.52,54.900002,47.700714,19103300
2018-10-22,55.080002,55.27,54.610001,54.98,47.770222,21737500
2018-10-23,56.09,57.470001,56.09,57.209999,49.707787,29328700
2018-10-24,57.0,58.439999,56.419998,57.419998,49.890247,37435600
2018-10-25,57.459999,57.630001,56.169998,56.43,49.030075,25270000
2018-10-26,56.259998,56.619999,55.189999,55.509998,48.230713,24973300
2018-10-29,55.810001,57.150002,55.720001,56.48,49.073517,22103700
2018-10-30,56.919998,58.799999,56.919998,58.18,50.550587,25231200
2018-10-31,58.32,58.32,56.759998,57.09,49.603519,24214400
2018-11-01,56.98,57.279999,55.549999,56.049999,48.699905,22533200
2018-11-02,56.34,57.080002,55.919998,56.630001,49.203838,14734400
2018-11-05,56.509998,57.450001,56.509998,57.209999,49.707787,12733800
2018-11-06,57.02,57.349998,56.650002,57.209999,49.707787,12371200
2018-11-07,57.549999,57.779999,57.040001,57.650002,50.090096,14891300
2018-11-08,57.700001,58.439999,57.66,58.27,50.628788,12482400
2018-11-09,58.32,59.200001,57.939999,58.459999,50.793861,17365500
2018-11-12,58.84,59.400002,58.540001,58.720001,51.019775,13236800
2018-11-13,59.09,59.139999,58.32,58.66,50.96764,13047900
2018-11-14,59.130001,59.32,58.41,58.939999,51.210926,18288700
2018-11-15,58.849998,59.09,58.450001,59.080002,51.332569,17147100
2018-11-16,59.060001,60.389999,58.91,60.209999,52.314384,19471000
2018-11-19,60.25,61.32,60.18,60.619999,52.670616,18405700
2018-11-20,61.029999,61.580002,59.169998,59.459999,51.662731,22028900
2018-11-21,59.259998,59.900002,58.880001,59.16,51.402069,18482200
2018-11-23,58.860001,59.0,58.290001,58.639999,50.950268,7009100
2018-11-26,58.639999,59.509998,58.310001,59.169998,51.410755,12308900
2018-11-27,59.209999,60.700001,59.18,60.650002,52.69669,14115000
2018-11-28,60.700001,60.73,59.639999,60.060001,52.184052,18663000
2018-11-29,59.419998,59.790001,59.259998,59.450001,51.654049,14763700
2018-11-30,59.57,60.369999,59.48,60.299999,52.392586,31142800
2018-12-03,59.5,59.75,57.689999,58.16,50.533211,27800800
2018-12-04,58.099998,59.400002,57.959999,58.09,50.472385,21727400
2018-12-06,58.18,58.639999,57.16,58.080002,50.463707,26880400
2018-12-07,57.91,58.43,57.34,57.68,50.116158,16948100
2018-12-10,57.799999,58.369999,56.869999,58.27,50.628788,16603400
2018-12-11,58.77,59.400002,58.639999,58.849998,51.132725,14991400
2018-12-12,57.790001,58.189999,57.23,57.25,49.742538,18892200
2018-12-13,57.0,57.5,56.810001,57.09,49.603519,15454700
2018-12-14,56.950001,57.5,56.75,57.080002,49.594837,13960900
2018-12-17,57.060001,57.310001,55.529999,55.950001,48.613014,18902500
2018-12-18,55.939999,56.689999,55.310001,55.650002,48.35236,18895800
2018-12-19,55.720001,56.919998,55.5,55.860001,48.534817,20968400
2018-12-20,55.919998,56.009998,54.259998,55.07,47.848419,26897000
2018-12-21,54.84,56.529999,54.240002,54.919998,47.718086,55406300
2018-12-24,54.68,55.040001,52.939999,53.049999,46.093307,15077200
2018-12-26,53.23,54.470001,52.400002,54.439999,47.301029,17970500
2018-12-27,54.310001,55.169998,53.349998,55.150002,47.917927,17531000
2018-12-28,55.369999,55.860001,54.900002,55.27,48.022186,14771600
2018-12-31,55.529999,56.23,55.07,56.220001,48.84761,15331800
2019-01-02,56.16,56.16,55.279999,56.02,48.67384,13969700
2019-01-03,56.299999,56.990002,56.060001,56.220001,48.84761,19245400
2019-01-04,56.490002,56.889999,55.950001,56.360001,48.969261,17035800
2019-01-07,56.759998,57.259998,56.549999,56.720001,49.282043,16349000
2019-01-08,57.27,58.689999,57.049999,58.380001,50.724361,21424600
2019-01-09,57.68,57.720001,56.849998,57.049999,50.086105,18136000
2019-01-10,57.290001,57.700001,56.869999,57.599998,50.568966,14259900
2019-01-11,57.84,58.259998,57.419998,58.02,50.937698,15801500
2019-01-14,57.830002,58.150002,57.68,58.029999,50.94648,11342300
2019-01-15,57.740002,58.290001,57.580002,58.099998,51.007931,10058000
2019-01-16,57.93,57.93,57.0,57.080002,50.112442,13411700
2019-01-17,57.16,57.400002,56.209999,56.830002,49.892963,15223900
2019-01-18,56.919998,57.470001,56.84,57.09,50.12122,16802500
2019-01-22,57.23,57.389999,56.400002,56.990002,50.033428,18284800
2019-01-23,56.98,57.869999,56.93,57.759998,50.709435,15109000
2019-01-24,57.610001,57.650002,56.5,57.07,50.103661,12494100
2019-01-25,57.18,57.470001,56.23,56.400002,49.515446,17800300
2019-01-28,56.119999,56.220001,54.799999,55.07,48.347794,25955700
2019-01-29,53.619999,54.299999,52.970001,53.279999,46.776295,33789200
2019-01-30,53.099998,54.02,52.279999,54.0,47.408413,27260000
2019-01-31,54.049999,55.189999,53.529999,55.060001,48.339016,28585400
2019-02-01,55.209999,55.299999,54.470001,54.549999,47.89127,13778000
2019-02-04,54.599998,54.689999,53.669998,54.040001,47.443523,15818900
2019-02-05,54.099998,54.34,53.610001,54.139999,47.531315,14124600
2019-02-06,54.110001,54.369999,53.68,53.790001,47.224041,11391400
2019-02-07,53.610001,53.73,53.02,53.57,47.030888,12436200
2019-02-08,53.360001,53.959999,53.299999,53.950001,47.364506,12011700
2019-02-11,54.130001,54.369999,53.860001,54.049999,47.452297,9802800
2019-02-12,54.450001,54.77,54.189999,54.419998,47.777142,11227600
2019-02-13,54.349998,54.77,54.279999,54.48,47.829811,11884800
2019-02-14,54.380001,54.52,53.950001,54.029999,47.434742,11190100
2019-02-15,54.48,55.189999,54.32,55.16,48.426811,15719400
2019-02-19,55.060001,55.66,54.82,55.439999,48.672626,12272700
2019-02-20,55.369999,55.91,55.240002,55.759998,48.953568,11379000
2019-02-21,55.549999,56.720001,55.459999,56.150002,49.295959,14680500
2019-02-22,56.43,57.130001,56.400002,56.919998,49.971977,12534300
2019-02-25,57.0,57.27,56.549999,56.779999,49.849056,15051200
2019-02-26,56.82,57.09,56.459999,56.639999,49.726151,12005600
2019-02-27,56.549999,56.73,56.349998,56.720001,49.796387,8962800
2019-02-28,56.740002,57.610001,56.720001,56.919998,49.971977,15743000
2019-03-01,57.02,57.150002,56.349998,56.959999,50.007092,10942700
2019-03-04,57.150002,57.349998,55.66,56.240002,49.374977,13674400
2019-03-05,56.09,56.169998,55.509998,56.080002,49.234509,15749500
2019-03-06,56.189999,56.419998,55.450001,55.68,48.883339,13935500
2019-03-07,55.759998,56.400002,55.720001,56.299999,49.427654,12644200
2019-03-08,56.360001,56.68,56.0,56.529999,49.629574,10617300
2019-03-11,56.759998,57.619999,56.75,57.580002,50.551411,13627400
2019-03-12,57.630001,58.110001,57.360001,57.43,50.41972,12813000
2019-03-13,57.369999,57.740002,57.34,57.66,50.621639,14168300
2019-03-14,57.709999,58.09,57.509998,57.950001,50.876244,12148300
2019-03-15,58.040001,58.509998,57.93,58.389999,51.262531,23715300
2019-03-18,58.27,58.32,57.560001,58.07,50.981598,12168100
2019-03-19,58.099998,58.200001,57.310001,57.5,50.481178,13462700
2019-03-20,57.509998,58.060001,57.110001,57.669998,50.630424,11902900
2019-03-21,57.580002,58.490002,57.57,58.290001,51.17474,10920100
2019-03-22,58.16,60.0,58.130001,59.759998,52.465298,25125400
2019-03-25,59.630001,60.189999,59.529999,60.080002,52.746243,15463400
2019-03-26,60.299999,60.689999,60.18,60.630001,53.229111,12316900
2019-03-27,60.560001,61.189999,60.48,60.880001,53.448601,13290300
2019-03-28,60.880001,60.889999,58.439999,59.080002,51.868317,20547100
2019-03-29,59.200001,59.27,58.32,59.130001,51.912212,17283900
2019-04-01,59.389999,59.41,58.790001,59.09,51.877087,16331100
2019-04-02,59.220001,59.23,58.34,58.529999,51.385445,11408100
2019-04-03,58.779999,59.07,58.41,58.869999,51.683945,15491700
2019-04-04,58.84,59.099998,58.77,58.990002,51.789299,8776000
2019-04-05,59.02,59.099998,58.82,59.09,51.877087,11497800
2019-04-08,59.02,59.130001,58.720001,59.130001,51.912212,11680500
2019-04-09,58.369999,58.560001,58.040001,58.400002,51.799557,10414400
2019-04-10,58.400002,58.700001,58.360001,58.610001,51.985825,8782100
2019-04-11,58.650002,58.73,58.200001,58.560001,51.941475,9219900
2019-04-12,58.75,58.790001,58.52,58.740002,52.101131,10847500
2019-04-15,58.91,58.950001,58.59,58.709999,52.074528,7741500
2019-04-16,58.790001,58.98,58.66,58.790001,52.145485,10239300
2019-04-17,58.400002,58.459999,57.639999,57.779999,51.24963,15498000
2019-04-18,57.509998,58.200001,57.279999,58.040001,51.48024,13189000
2019-04-22,58.139999,58.490002,57.889999,58.369999,51.772949,11950400
2019-04-23,57.619999,57.720001,56.299999,57.150002,50.690834,23488700
2019-04-24,57.34,57.57,56.73,57.080002,50.628746,13227100
2019-04-25,56.82,56.900002,55.75,55.849998,49.537758,17425500
2019-04-26,56.060001,56.82,55.830002,56.580002,50.185261,16329700
2019-04-29,56.75,57.169998,56.709999,56.84,50.415863,13985000
2019-04-30,56.990002,57.450001,56.759998,57.189999,50.726307,15469000
2019-05-01,57.23,57.299999,56.52,56.52,50.132034,11627400
2019-05-02,56.810001,58.23,56.68,56.990002,50.548916,14435400
2019-05-03,57.150002,57.360001,56.869999,57.240002,50.770664,9388200
2019-05-06,56.830002,57.09,56.740002,56.91,50.477955,10066100
2019-05-07,56.689999,56.82,56.330002,56.630001,50.229603,12963800
2019-05-08,56.66,56.700001,56.25,56.380001,50.007866,12086700
2019-05-09,56.119999,56.560001,55.93,56.48,50.096558,14834900
2019-05-10,56.490002,57.040001,56.259998,56.91,50.477955,10707100
2019-05-13,56.720001,57.34,56.66,56.75,50.33604,13759000
2019-05-14,56.759998,57.189999,56.5,56.549999,50.158646,12776200
2019-05-15,56.509998,56.84,56.169998,56.810001,50.389263,10806300
2019-05-16,57.0,57.799999,56.82,57.380001,50.894844,11695100
2019-05-17,57.060001,58.48,57.009998,58.09,51.524597,14436700
2019-05-20,59.150002,60.540001,58.0,59.009998,52.340618,20910600
2019-05-21,59.099998,59.630001,58.759998,59.5,52.775242,14016300
2019-05-22,59.09,59.369999,58.959999,59.25,52.55349,11487100
2019-05-23,59.0,59.279999,58.540001,58.869999,52.216438,11706700
2019-05-24,59.07,59.360001,58.669998,59.32,52.615582,8755200
2019-05-28,59.209999,59.869999,58.66,58.73,52.092262,21860500
2019-05-29,58.669998,58.93,57.91,58.18,51.60442,13418700
2019-05-30,57.619999,57.619999,56.560001,56.830002,50.407001,17484900
2019-05-31,55.09,55.439999,54.259998,54.349998,48.207298,29916600
2019-06-03,54.68,56.490002,54.560001,56.380001,50.007866,19518300
2019-06-04,56.599998,56.98,55.93,56.220001,49.86594,15201200
2019-06-05,56.52,57.380001,56.5,57.029999,50.5844,11522900
2019-06-06,57.009998,57.82,57.009998,57.540001,51.036762,9906900
2019-06-07,58.0,58.139999,57.150002,57.240002,50.770664,11656600
2019-06-10,57.369999,57.369999,55.950001,56.150002,49.803852,14955400
2019-06-11,56.5,57.400002,56.18,56.830002,50.407001,15378600
2019-06-12,57.0,57.57,57.0,57.360001,50.877098,11911000
2019-06-13,57.5,57.740002,57.369999,57.619999,51.107712,9218700
2019-06-14,57.68,58.560001,57.52,58.279999,51.693115,11826600
2019-06-17,58.16,58.330002,57.240002,57.630001,51.116581,11027000
2019-06-18,57.82,58.0,57.16,57.330002,50.850494,12257500
2019-06-19,57.389999,57.849998,57.18,57.630001,51.116581,10516400
2019-06-20,57.900002,57.950001,56.93,57.34,50.859364,15302800
2019-06-21,57.09,57.919998,57.09,57.77,51.240761,22474300
2019-06-24,57.98,58.669998,57.93,58.27,51.684254,9141800
2019-06-25,58.18,58.259998,57.91,58.0,51.444767,10571700
2019-06-26,58.169998,58.220001,56.919998,56.990002,50.548916,15042100
2019-06-27,57.16,57.369999,56.849998,57.25,50.77953,9123300
2019-06-28,57.220001,57.43,56.830002,57.130001,50.6731,14604000
2019-07-01,57.419998,57.419998,56.599998,56.66,50.256214,15796800
2019-07-02,56.880001,58.150002,56.810001,58.130001,51.560074,14985700
2019-07-03,58.119999,58.25,57.66,58.130001,51.560074,8437800
2019-07-05,58.080002,58.509998,57.77,58.310001,51.719727,6938500
2019-07-08,57.959999,58.299999,57.810001,57.889999,51.347198,12048200
2019-07-09,56.950001,56.990002,56.259998,56.41,50.561134,16733700
2019-07-10,56.700001,57.110001,56.59,57.0,51.089962,10901500
2019-07-11,57.220001,57.389999,56.639999,56.919998,51.018253,10045700
2019-07-12,57.060001,57.27,56.849998,57.189999,51.260254,9669500
2019-07-15,57.290001,57.799999,57.189999,57.580002,51.609825,11734300
2019-07-16,57.630001,57.73,57.400002,57.41,51.457451,10556000
2019-07-17,57.560001,57.700001,57.09,57.220001,51.287148,7916700
2019-07-18,57.220001,57.32,56.779999,57.209999,51.278183,7549200
2019-07-19,57.380001,57.459999,56.57,56.59,50.722466,12240300
2019-07-22,56.560001,56.580002,55.34,55.5,49.745487,15255800
2019-07-23,55.450001,55.639999,54.560001,55.48,49.727562,14093500
2019-07-24,55.610001,56.240002,55.419998,55.970001,50.166756,11173900
2019-07-25,56.169998,56.610001,55.939999,56.360001,50.516315,11006100
2019-07-26,56.48,57.23,56.0,57.080002,51.161663,12333100
2019-07-29,57.09,57.439999,56.830002,57.369999,51.421593,10165700
2019-07-30,57.310001,57.599998,56.549999,56.630001,50.75832,13329300
2019-07-31,56.549999,56.720001,54.919998,55.27,49.539333,24396200
2019-08-01,57.110001,57.290001,55.23,55.259998,49.530369,18677000
2019-08-02,55.110001,56.299999,54.77,55.59,49.826153,17458800
2019-08-05,55.299999,55.900002,54.93,55.220001,49.494514,18941500
2019-08-06,55.220001,55.549999,54.470001,55.049999,49.342144,18747900
2019-08-07,54.75,55.52,54.41,55.09,49.377998,11865500
2019-08-08,55.360001,55.830002,54.990002,55.82,50.032303,11335900
2019-08-09,55.650002,56.060001,55.470001,55.779999,49.996452,8948000
2019-08-12,55.849998,55.889999,55.07,55.689999,49.915783,10635600
2019-08-13,55.639999,56.5,55.52,56.369999,50.525276,11016500
2019-08-14,56.040001,56.52,55.490002,55.720001,49.94268,15041200
2019-08-15,55.529999,56.580002,55.419998,56.299999,50.462536,12124000
2019-08-16,56.470001,56.689999,56.07,56.650002,50.776249,11923500
2019-08-19,56.970001,57.5,56.689999,57.0,51.089962,11011900
2019-08-20,56.900002,57.0,56.240002,56.27,50.435642,9892600
2019-08-21,56.779999,56.779999,56.110001,56.59,50.722466,7637300
2019-08-22,56.650002,56.959999,56.330002,56.779999,50.892769,9272200
2019-08-23,56.790001,56.91,55.619999,55.919998,50.121933,13203000
2019-08-26,56.009998,56.73,55.82,56.709999,50.830029,9486900
2019-08-27,57.5,57.66,57.18,57.18,51.251293,16953900
2019-08-28,57.200001,58.119999,57.110001,57.950001,51.941452,15238900
2019-08-29,58.240002,58.310001,57.369999,57.939999,51.932495,8538000
2019-08-30,57.990002,58.41,57.900002,58.16,52.129684,9962200
2019-09-03,57.900002,58.189999,57.59,58.040001,52.022121,10470100
2019-09-04,58.240002,58.549999,57.959999,58.18,52.14761,9232200
2019-09-05,58.580002,58.630001,58.189999,58.59,52.515099,9232300
2019-09-06,58.689999,59.099998,58.470001,59.060001,52.936371,8920200
2019-09-09,59.490002,59.52,58.639999,58.66,52.577839,12848700
2019-09-10,59.25,59.799999,58.790001,59.709999,53.518978,13987000
2019-09-11,59.900002,60.18,59.52,60.130001,53.895424,12241500
2019-09-12,60.099998,60.549999,59.98,60.43,54.164326,9491400
2019-09-13,60.080002,60.450001,59.73,59.959999,53.743046,10719300
2019-09-16,59.93,59.990002,59.189999,59.5,53.33075,10950500
2019-09-17,59.32,59.900002,59.32,59.869999,53.662384,8801700
2019-09-18,59.610001,59.98,59.380001,59.93,53.716156,8451900
2019-09-19,59.98,60.400002,59.799999,59.98,53.760979,7651700
2019-09-20,60.27,60.380001,59.970001,60.290001,54.038834,21019900
2019-09-23,60.130001,60.689999,59.93,60.209999,53.967133,8437000
2019-09-24,60.549999,61.0,60.41,60.509998,54.236023,12846300
2019-09-25,60.580002,60.66,60.110001,60.27,54.020912,8088100
2019-09-26,60.139999,60.669998,60.07,60.439999,54.173279,7438800
2019-09-27,60.560001,60.700001,60.02,60.299999,54.047802,7799000
2019-09-30,60.490002,60.900002,60.330002,60.360001,54.101582,9709400
2019-10-01,60.400002,60.43,59.810001,59.849998,53.644459,8381600
2019-10-02,59.700001,59.720001,58.720001,58.91,52.801926,12011700
2019-10-03,59.0,59.119999,58.330002,59.009998,52.891552,9769300
2019-10-04,58.970001,59.98,58.959999,59.900002,53.689274,9824900
2019-10-07,59.919998,60.59,59.900002,60.25,54.002983,13744600
2019-10-08,60.119999,60.189999,59.290001,59.720001,53.527935,13832800
2019-10-09,59.400002,59.450001,58.93,59.220001,53.632084,10609200
2019-10-10,59.259998,60.02,59.200001,59.830002,54.184532,11832100
2019-10-11,60.0,60.380001,59.889999,59.93,54.275085,11349000
2019-10-14,59.93,59.98,59.560001,59.599998,53.976223,6876100
2019-10-15,59.68,60.689999,59.599998,60.549999,54.836586,11679200
2019-10-16,60.139999,60.41,59.950001,60.290001,54.60112,9298100
2019-10-17,60.23,60.43,60.16,60.41,54.709801,7323700
2019-10-18,60.349998,61.299999,60.310001,61.049999,55.28941,12339700
2019-10-21,61.009998,61.23,60.66,60.75,55.017719,10882300
2019-10-22,61.23,61.23,60.509998,60.77,55.035831,9603600
2019-10-23,60.599998,61.32,60.549999,60.880001,55.135452,10375600
2019-10-24,60.880001,61.02,60.41,60.580002,54.863758,11143800
2019-10-25,60.599998,60.880001,59.209999,60.369999,54.673573,15036400
2019-10-28,60.450001,60.66,60.040001,60.18,54.501503,14621400
2019-10-29,60.110001,60.32,60.07,60.189999,54.510555,10619900
2019-10-30,60.459999,61.07,60.41,60.82,55.081112,12136500
2019-10-31,60.799999,60.82,60.099998,60.470001,54.764137,12226600
2019-11-01,61.290001,61.34,60.16,60.369999,54.673573,9629100
2019-11-04,59.68,60.610001,59.549999,59.869999,54.220753,10133300
2019-11-05,59.700001,59.869999,59.349998,59.5,53.88567,10645400
2019-11-06,59.700001,60.130001,59.630001,60.130001,54.456219,9287600
2019-11-07,60.259998,60.580002,59.959999,60.529999,54.818474,14604400
2019-11-08,60.049999,60.16,58.959999,59.349998,53.749821,17644600
2019-11-11,59.299999,59.689999,59.209999,59.610001,53.985287,7754000
2019-11-12,59.91,59.939999,59.139999,59.32,53.722652,7709400
2019-11-13,59.150002,59.52,58.799999,59.41,53.804157,10255600
2019-11-14,58.93,59.34,58.84,59.34,53.740761,9530200
2019-11-15,59.48,59.529999,59.060001,59.509998,53.894718,11758800
2019-11-18,59.459999,59.459999,59.049999,59.439999,53.831326,10165100
2019-11-19,59.43,59.75,59.279999,59.5,53.88567,10492700
2019-11-20,59.490002,59.66,59.09,59.48,53.86755,12362100
2019-11-21,59.610001,59.689999,59.27,59.610001,53.985287,8056000
2019-11-22,59.66,60.029999,59.66,59.75,54.112076,10741300
2019-11-25,59.830002,59.849998,59.220001,59.380001,53.776993,10644500
2019-11-26,59.549999,59.91,59.130001,59.889999,54.238865,11936900
2019-11-27,60.009998,60.27,59.990002,60.099998,54.429047,8795300
2019-11-29,60.16,60.529999,60.16,60.240002,54.555836,6791400
2019-12-02,60.200001,60.23,59.630001,59.959999,54.302254,9142000
2019-12-03,59.990002,60.200001,59.580002,60.139999,54.465275,10289400
2019-12-04,60.02,60.630001,59.849998,60.529999,54.818474,8237500
2019-12-05,60.630001,60.919998,60.32,60.82,55.081112,9812500
2019-12-06,61.0,61.279999,60.91,61.189999,55.416199,9296900
2019-12-09,60.98,61.110001,60.869999,61.009998,55.253185,9370200
2019-12-10,61.150002,61.23,60.790001,61.23,55.452423,8290900
2019-12-11,61.360001,61.419998,60.990002,61.080002,55.316582,9657500
2019-12-12,61.099998,61.630001,61.099998,61.169998,55.398079,8571600
2019-12-13,61.119999,61.189999,60.25,60.810001,55.07206,10585900
2019-12-16,60.73,61.27,60.709999,61.23,55.452423,11493000
2019-12-17,61.400002,61.709999,61.349998,61.490002,55.687893,13648700
2019-12-18,61.509998,61.700001,60.82,60.860001,55.117336,17292600
2019-12-19,60.900002,61.130001,60.689999,60.799999,55.062996,11901600
2019-12-20,61.459999,62.220001,61.139999,62.07,56.213165,42977900
2019-12-23,62.009998,62.150002,61.32,61.400002,55.60638,9477500
2019-12-24,61.459999,61.459999,61.02,61.279999,55.497704,6640100
2019-12-26,61.279999,61.369999,61.110001,61.290001,55.506763,8117800
2019-12-27,61.389999,61.619999,61.25,61.529999,55.724117,8166800
2019-12-30,61.650002,61.689999,61.09,61.209999,55.434311,6765400
2019-12-31,61.209999,61.400002,60.939999,61.400002,55.60638,8466700
2020-01-02,61.380001,61.450001,60.810001,61.049999,55.28941,11447900
2020-01-03,60.59,60.790001,60.07,60.400002,54.700741,13263200
2020-01-06,60.110001,60.59,60.080002,60.27,54.583012,15094500
2020-01-07,60.099998,60.18,59.580002,59.599998,53.976223,14293100
2020-01-08,59.669998,60.099998,59.630001,59.709999,54.075855,15926500
2020-01-09,58.889999,59.400002,58.799999,58.849998,53.851658,20134600
2020-01-10,59.02,59.299999,58.84,58.990002,53.979771,11786700
2020-01-13,59.02,59.369999,58.779999,59.150002,54.126186,14158400
2020-01-14,59.0,59.130001,58.759998,59.040001,54.02552,12697100
2020-01-15,59.25,59.419998,58.869999,59.099998,54.080425,10291300
2020-01-16,59.380001,59.849998,59.220001,59.669998,54.602009,10689600
2020-01-17,59.689999,60.150002,59.639999,60.130001,55.022945,15615700
2020-01-21,60.200001,60.470001,60.099998,60.32,55.196808,12857600
2020-01-22,60.450001,60.82,60.279999,60.48,55.343212,8847100
2020-01-23,60.380001,60.529999,60.0,60.509998,55.370674,11109000
2020-01-24,60.5,60.66,60.110001,60.279999,55.160202,10182800
2020-01-27,59.84,60.360001,59.619999,59.91,54.821632,11482300
2020-01-28,59.98,61.0,59.869999,60.700001,55.544533,15367500
2020-01-29,60.849998,60.919998,59.439999,59.529999,54.4739,13408900
2020-01-30,58.700001,59.389999,58.34,59.360001,54.318348,16719600
2020-01-31,59.34,60.049999,59.110001,59.439999,54.391552,14283600
2020-02-03,59.610001,59.68,58.009998,58.049999,53.119606,15566400
2020-02-04,58.07,58.57,57.650002,58.290001,53.339222,13924600
2020-02-05,58.529999,59.189999,58.419998,59.130001,54.107872,10271900
2020-02-06,59.200001,59.669998,59.060001,59.439999,54.391552,10283700
2020-02-07,59.66,60.150002,59.540001,59.939999,54.849079,9418100
2020-02-10,59.93,60.240002,59.77,60.240002,55.123604,8270200
2020-02-11,60.189999,60.349998,58.259998,58.689999,53.705246,22488200
2020-02-12,58.580002,58.860001,58.119999,58.23,53.284321,20938000
2020-02-13,58.369999,58.830002,57.950001,58.650002,53.668648,19460100
2020-02-14,58.700001,58.810001,58.279999,58.509998,53.540535,9138900
2020-02-18,58.759998,58.759998,57.810001,57.91,52.991497,12427300
2020-02-19,58.130001,58.580002,57.759998,58.220001,53.275169,13642800
2020-02-20,58.09,58.360001,57.939999,58.09,53.156212,16748600
2020-02-21,57.91,58.25,57.799999,58.200001,53.256874,15704300
2020-02-24,58.169998,58.689999,57.98,57.990002,53.064705,18520900
2020-02-25,58.040001,58.400002,56.860001,57.119999,52.268597,19384900
2020-02-26,57.380001,57.869999,56.900002,57.139999,52.286896,16803600
2020-02-27,56.779999,57.380001,55.029999,55.060001,50.38356,25907200
2020-02-28,53.740002,54.18,52.18,54.16,49.559998,45828300
2020-03-02,55.16,57.540001,54.880001,57.32,52.451607,30736200
2020-03-03,57.209999,58.049999,55.220001,55.700001,50.9692,27500200
2020-03-04,56.610001,58.25,56.110001,58.119999,53.183662,17626400
2020-03-05,56.869999,57.52,56.490002,57.16,52.305195,21249900
2020-03-06,55.290001,57.209999,55.099998,56.869999,52.039825,22510800
2020-03-09,54.369999,57.580002,54.009998,55.830002,51.088165,31862200
2020-03-10,56.07,56.889999,53.919998,56.52,51.719559,34330900
2020-03-11,55.360001,55.529999,54.189999,54.830002,50.173092,21147400
2020-03-12,51.950001,54.0,50.75,51.200001,46.851398,45610600
2020-03-13,53.0,54.369999,51.450001,54.169998,49.569153,45744000
2020-03-16,50.900002,53.200001,49.02,50.990002,46.659237,36990400
2020-03-17,51.5,55.48,51.490002,54.310001,49.697258,33898000
2020-03-18,53.990002,55.93,50.880001,54.32,49.706409,38417400
2020-03-19,53.759998,54.919998,52.779999,53.619999,49.065857,33024900
2020-03-20,52.720001,53.040001,50.709999,51.799999,47.40044,46013800
2020-03-23,50.610001,53.27,49.130001,50.310001,46.036995,39225100
2020-03-24,51.959999,51.959999,49.18,49.990002,45.744171,40626900
2020-03-25,49.360001,51.91,48.84,49.939999,45.698418,38551300
2020-03-26,49.59,53.900002,49.509998,53.540001,48.992661,32610900
2020-03-27,52.150002,53.84,51.540001,52.77,48.288052,25363600
2020-03-30,53.490002,55.029999,52.939999,54.77,50.118195,20660200
2020-03-31,54.07,54.540001,53.549999,53.73,49.166519,21251800
2020-04-01,52.5,53.450001,52.16,52.919998,48.425312,18672600
2020-04-02,53.560001,55.5,53.09,55.25,50.557419,20159400
2020-04-03,55.0,55.240002,54.279999,54.700001,50.054138,17612500
2020-04-06,55.77,56.939999,54.98,56.700001,51.884266,20284400
2020-04-07,57.040001,57.880001,56.41,56.98,52.14048,21786000
2020-04-08,57.259998,58.02,56.619999,57.799999,52.890839,18234200
2020-04-09,56.91,58.099998,56.880001,57.439999,53.126686,19689500
2020-04-13,57.389999,57.599998,56.360001,56.669998,52.414509,12977700
2020-04-14,57.310001,58.400002,56.959999,58.139999,53.774124,16765600
2020-04-15,57.560001,58.009998,56.709999,56.93,52.654995,18372800
2020-04-16,57.290001,58.0,56.849998,57.66,53.33017,17825800
2020-04-17,58.060001,58.68,57.740002,58.459999,54.070099,15054300
2020-04-20,58.099998,58.91,57.959999,58.130001,53.764881,14002200
2020-04-21,57.389999,58.040001,56.720001,56.82,52.553249,14234500
2020-04-22,57.41,58.57,57.23,57.990002,53.635391,12701100
2020-04-23,58.119999,58.66,57.470001,57.59,53.26543,15684400
2020-04-24,57.639999,57.990002,56.830002,57.93,53.579895,15371500
2020-04-27,57.93,58.290001,57.200001,57.810001,53.46891,16050100
2020-04-28,57.82,58.380001,57.619999,57.830002,53.487404,13392600
2020-04-29,58.380001,58.599998,57.700001,58.119999,53.755627,17818100
2020-04-30,57.830002,57.959999,57.209999,57.450001,53.135944,17532400
2020-05-01,57.759998,57.790001,56.529999,56.830002,52.562496,13857400
2020-05-04,56.849998,57.029999,55.799999,56.240002,52.0168,11833600
2020-05-05,56.0,56.939999,56.0,56.509998,52.266525,10902400
2020-05-06,56.360001,56.66,55.540001,55.639999,51.461857,12460400
2020-05-07,56.099998,56.150002,55.18,55.580002,51.406361,14083100
2020-05-08,56.220001,57.029999,56.029999,57.0,52.719734,11097900
2020-05-11,56.869999,56.91,56.240002,56.400002,52.164795,12636800
2020-05-12,56.75,56.75,55.450001,55.459999,51.295376,13117700
2020-05-13,55.16,55.549999,54.560001,54.849998,50.731182,20604500
2020-05-14,54.5,54.93,53.849998,54.91,50.786682,15859200
2020-05-15,54.630001,54.759998,54.209999,54.709999,50.601692,10174000
2020-05-18,55.650002,56.200001,55.040001,55.720001,51.535851,15735900
2020-05-19,55.43,55.549999,54.32,54.380001,50.296478,18467100
2020-05-20,54.540001,54.900002,54.049999,54.259998,50.185478,21405400
2020-05-21,54.43,54.639999,53.860001,53.970001,49.917267,18201000
2020-05-22,53.959999,54.290001,53.669998,54.099998,50.037498,19960000
2020-05-26,54.900002,55.25,54.18,54.299999,50.222481,20830500
2020-05-27,54.610001,55.220001,54.43,55.139999,50.999401,17063800
2020-05-28,55.580002,55.790001,55.16,55.720001,51.535851,15427900
2020-05-29,55.330002,57.790001,54.889999,57.380001,53.071201,34227800
2020-06-01,56.700001,56.900002,55.75,55.779999,51.591347,18156100
2020-06-02,55.82,56.459999,55.540001,56.400002,52.164795,17300400
2020-06-03,56.52,56.98,56.299999,56.830002,52.562496,16086700
2020-06-04,56.740002,57.369999,56.509998,57.220001,52.92321,16147300
2020-06-05,57.75,58.119999,57.080002,57.740002,53.404167,17105600
2020-06-08,57.650002,58.200001,57.27,58.09,53.727882,14963000
2020-06-09,57.75,58.130001,57.369999,57.860001,53.515148,14530800
2020-06-10,57.900002,58.23,57.700001,58.049999,53.690884,13649100
2020-06-11,57.48,57.939999,56.400002,56.450001,52.211029,23412500
2020-06-12,56.630001,56.810001,55.790001,56.529999,52.285027,17129000
2020-06-15,55.73,56.540001,55.279999,56.150002,51.933563,14826800
2020-06-16,56.830002,57.32,56.240002,56.919998,52.645737,15021300
2020-06-17,57.139999,57.169998,56.509998,56.650002,52.396019,10652100
2020-06-18,56.5,56.959999,56.369999,56.889999,52.617989,9019500
2020-06-19,57.349998,57.470001,56.0,56.16,51.94281,28868200
2020-06-22,55.91,56.259998,55.610001,55.66,51.480358,12333900
2020-06-23,55.75,55.849998,54.91,54.939999,50.814419,20716400
2020-06-24,54.540001,54.560001,53.459999,53.93,49.880264,24794600
2020-06-25,53.91,54.389999,53.34,54.279999,50.203983,17122500
2020-06-26,54.040001,54.060001,52.849998,53.16,49.168087,30211900
2020-06-29,53.310001,54.709999,53.310001,54.689999,50.583199,15930300
2020-06-30,54.919998,55.290001,54.360001,55.130001,50.990154,17414800
2020-07-01,55.09,55.330002,54.580002,54.669998,50.564701,12831600
2020-07-02,55.049999,55.41,54.740002,54.790001,50.675686,15814500
2020-07-06,55.349998,55.43,54.91,55.240002,51.0919,11231100
2020-07-07,54.919998,55.330002,54.799999,55.040001,50.906914,13319700
2020-07-08,55.110001,55.439999,54.82,55.380001,51.221386,15320800
2020-07-09,54.650002,54.650002,53.75,53.939999,50.449764,17618400
2020-07-10,53.84,54.580002,53.84,54.490002,50.96418,15652200
2020-07-13,54.75,54.77,54.139999,54.450001,50.926765,15285100
2020-07-14,54.43,55.650002,54.27,55.439999,51.852703,15683600
2020-07-15,55.610001,55.720001,55.02,55.060001,51.497303,13903600
2020-07-16,54.869999,55.830002,54.759998,55.779999,52.170708,13477400
2020-07-17,56.0,56.599998,55.889999,56.299999,52.657055,13506300
2020-07-20,56.279999,56.279999,55.66,55.869999,52.254887,10572900
2020-07-21,55.84,56.5,55.799999,55.84,52.226826,12619700
2020-07-22,55.84,55.950001,55.369999,55.75,52.142647,11223500
2020-07-23,55.810001,56.09,55.400002,55.849998,52.236179,16718700
2020-07-24,56.349998,57.57,56.139999,56.849998,53.171467,17981700
2020-07-27,57.0,57.330002,56.509998,56.869999,53.190178,12306700
2020-07-28,57.049999,57.700001,56.970001,57.48,53.760708,13454700
2020-07-29,57.369999,57.689999,57.16,57.450001,53.732651,9341800
2020-07-30,57.209999,57.459999,57.139999,57.299999,53.59235,12635800
2020-07-31,56.849998,57.5,56.650002,57.48,53.760708,16202900
2020-08-03,57.869999,57.869999,57.119999,57.240002,53.536236,13493400
2020-08-04,57.200001,58.139999,57.18,57.91,54.162884,11601000
2020-08-05,58.16,58.189999,57.41,57.540001,53.816826,9809300
2020-08-06,57.5,57.950001,57.450001,57.830002,54.088058,10369900
2020-08-07,57.82,58.549999,57.650002,58.529999,54.742764,12783900
2020-08-10,58.650002,59.150002,58.470001,58.990002,55.173,12114500
2020-08-11,59.299999,59.610001,58.25,58.509998,54.72406,12833100
2020-08-12,58.599998,58.970001,58.52,58.599998,54.808235,10802100
2020-08-13,58.299999,58.599998,58.189999,58.52,54.733414,7428600
2020-08-14,58.48,58.939999,58.25,58.790001,54.985943,8715900
2020-08-17,58.73,58.93,58.549999,58.779999,54.976582,8371900
2020-08-18,58.860001,59.470001,58.779999,59.18,55.350708,10130600
2020-08-19,59.360001,59.439999,58.93,59.049999,55.229122,10816300
2020-08-20,58.599998,59.09,58.59,58.959999,55.144947,8061500
2020-08-21,59.0,59.040001,58.540001,58.990002,55.173,11059300
2020-08-24,59.099998,59.610001,59.0,59.57,55.715473,10931500
2020-08-25,59.700001,59.75,59.18,59.419998,55.575172,11316800
2020-08-26,59.299999,59.5,58.900002,59.459999,55.612583,15096400
2020-08-27,59.599998,59.790001,59.41,59.43,55.584534,11405300
2020-08-28,59.41,59.41,58.82,59.259998,55.425529,11873900
2020-08-31,59.040001,59.439999,59.02,59.27,55.434887,14555500
2020-09-01,59.119999,59.299999,58.779999,59.16,55.332001,13358400
2020-09-02,59.150002,60.740002,59.0,60.529999,56.613354,21711900
2020-09-03,60.830002,61.279999,60.139999,60.610001,56.688179,23126800
2020-09-04,60.48,61.5,60.060001,60.48,56.566586,22250100
2020-09-08,60.799999,60.799999,59.619999,59.959999,56.080235,18469700
2020-09-09,60.119999,60.75,59.970001,60.040001,56.155064,15896200
2020-09-10,60.23,60.25,59.41,59.529999,55.678059,15811200
2020-09-11,59.580002,59.959999,59.360001,59.790001,55.921238,13924800
2020-09-14,60.02,60.779999,60.0,60.32,56.416946,11932500
2020-09-15,60.110001,61.099998,60.099998,60.599998,56.678825,9444300
2020-09-16,60.529999,60.93,60.32,60.369999,56.463707,12699000
2020-09-17,60.599998,60.990002,60.099998,60.59,56.669476,14996200
2020-09-18,60.18,60.939999,60.150002,60.349998,56.445,22584500
2020-09-21,60.0,60.080002,59.02,59.610001,55.752884,15871400
2020-09-22,59.73,60.369999,59.52,59.82,55.949299,12198900
2020-09-23,59.830002,60.139999,58.849998,58.91,55.098175,15416200
2020-09-24,59.0,59.560001,58.650002,59.189999,55.360058,10875300
2020-09-25,58.849998,59.450001,58.810001,59.389999,55.547119,10676300
2020-09-28,59.560001,59.799999,59.18,59.360001,55.519066,11910500
2020-09-29,59.279999,59.490002,59.099998,59.240002,55.406826,10005900
2020-09-30,59.459999,59.709999,59.049999,59.490002,55.640648,16348400
2020-10-01,59.400002,59.599998,59.029999,59.450001,55.603237,14547100
2020-10-02,59.290001,59.549999,59.110001,59.240002,55.406826,10741800
2020-10-05,59.630001,59.84,59.259998,59.66,55.799652,10457400
2020-10-06,59.759998,59.970001,59.330002,59.459999,55.612583,12524900
2020-10-07,59.619999,59.779999,59.200001,59.610001,55.752884,13674700
2020-10-08,59.119999,59.73,58.970001,59.189999,55.949493,14266400
2020-10-09,59.25,59.540001,59.080002,59.330002,56.081833,9846200
2020-10-12,59.330002,59.68,59.150002,59.549999,56.289783,20211200
2020-10-13,59.700001,59.720001,58.849998,59.360001,56.110191,22109600
2020-10-14,59.459999,59.52,58.389999,58.43,55.231102,16591900
2020-10-15,58.110001,58.279999,57.720001,58.16,54.975883,13644500
2020-10-16,58.080002,58.43,58.009998,58.049999,54.871906,13364200
2020-10-19,58.150002,58.290001,57.080002,57.299999,54.162964,16075100
2020-10-20,57.540001,57.669998,56.759998,57.25,54.115707,18696200
2020-10-21,57.110001,57.709999,56.689999,56.75,53.643078,21498300
2020-10-22,56.93,57.66,56.509998,57.330002,54.191326,16636100
2020-10-23,57.75,57.970001,57.459999,57.959999,54.786831,12879600
2020-10-26,57.52,57.849998,56.970001,57.810001,54.64505,15196800
2020-10-27,57.700001,57.849998,57.310001,57.380001,54.23859,12253000
2020-10-28,56.919998,57.349998,56.119999,56.310001,53.227169,18720200
2020-10-29,56.16,57.310001,56.02,56.759998,53.652527,19146100
2020-10-30,56.599998,57.07,56.369999,56.990002,53.869942,17632800
2020-11-02,57.669998,58.209999,57.0,57.700001,54.541065,16086400
2020-11-03,57.810001,58.380001,57.509998,57.75,54.588329,10693500
2020-11-04,57.189999,57.849998,56.580002,57.220001,54.087345,20785700
2020-11-05,58.009998,58.970001,57.799999,58.150002,54.966434,20156400
2020-11-06,58.080002,58.75,58.009998,58.529999,55.325626,11986200
2020-11-09,60.040001,60.580002,59.509998,59.84,56.563911,24265900
2020-11-10,60.279999,61.41,60.200001,61.099998,57.754925,22051800
2020-11-11,61.290001,61.349998,60.470001,61.0,57.660404,12196900
2020-11-12,60.91,61.009998,60.34,60.790001,57.461903,13293300
2020-11-13,60.630001,61.189999,60.380001,61.060001,57.717117,10652800
2020-11-16,60.810001,61.459999,60.700001,60.889999,57.556427,14289400
2020-11-17,60.560001,61.02,60.360001,60.75,57.424088,11698200
2020-11-18,61.130001,61.150002,60.299999,60.32,57.017632,11698800
2020-11-19,60.400002,60.439999,59.900002,60.209999,56.913654,12663000
2020-11-20,60.209999,60.330002,59.950001,60.040001,56.752964,14225400
2020-11-23,60.009998,60.389999,60.0,60.23,56.932556,11601400
2020-11-24,60.599998,60.799999,60.360001,60.639999,57.32011,15481400
2020-11-25,60.669998,60.740002,60.330002,60.41,57.102699,10604300
2020-11-27,60.52,60.740002,60.41,60.580002,57.263401,5763700
2020-11-30,60.32,60.599998,60.189999,60.41,57.102699,21839100
2020-12-01,60.43,60.919998,60.279999,60.580002,57.263401,14282600
2020-12-02,61.400002,61.950001,61.009998,61.360001,58.000694,14169900
2020-12-03,61.110001,61.830002,61.040001,61.740002,58.359886,11937200
2020-12-04,61.549999,61.799999,61.27,61.549999,58.18029,10495800
2020-12-07,61.52,61.700001,61.18,61.349998,57.991238,12537500
2020-12-08,61.18,61.700001,60.880001,61.450001,58.08577,13421100
2020-12-09,61.450001,61.82,61.09,61.459999,58.095219,14949500
2020-12-10,61.259998,61.349998,60.330002,60.509998,57.197231,15464400
2020-12-11,60.080002,60.529999,59.970001,60.349998,57.045986,13673000
2020-12-14,60.610001,61.060001,59.77,59.98,56.696243,15706500
2020-12-15,60.07,60.740002,59.970001,60.549999,57.235035,15876000
2020-12-16,60.200001,60.450001,59.669998,59.91,56.630077,17165900
2020-12-17,59.98,60.150002,59.610001,60.009998,56.724598,12095500
2020-12-18,60.0,60.779999,59.790001,60.459999,57.149963,31909400
2020-12-21,60.060001,60.130001,59.279999,59.490002,56.23307,18567500
2020-12-22,59.32,59.419998,58.860001,58.990002,55.760445,12951500
2020-12-23,59.200001,59.279999,58.889999,58.959999,55.73209,14012100
2020-12-24,59.0,59.07,58.66,58.84,55.61866,7751100
2020-12-28,59.16,59.18,58.650002,58.98,55.750992,15355600
2020-12-29,59.029999,59.240002,58.639999,58.810001,55.590298,15686100
2020-12-30,58.830002,58.939999,58.060001,58.139999,54.956978,18259800
2020-12-31,58.060001,58.799999,58.02,58.75,55.533585,12906300
2021-01-04,58.959999,59.150002,58.439999,58.849998,55.628105,19129800
2021-01-05,58.860001,59.09,58.459999,58.580002,55.37289,16220000
2021-01-06,58.810001,59.540001,58.540001,59.290001,56.044022,22678500
2021-01-07,58.27,58.759998,58.080002,58.529999,55.917908,19079900
2021-01-08,58.23,58.360001,57.369999,57.799999,55.220486,28411600
2021-01-11,57.75,58.049999,57.290001,57.459999,54.895664,15688000
2021-01-12,57.27,57.450001,56.689999,57.259998,54.704586,22699300
2021-01-13,57.220001,57.25,56.880001,57.060001,54.513512,16985400
2021-01-14,56.889999,57.43,56.66,57.040001,54.494404,18341100
2021-01-15,56.779999,57.5,56.709999,57.380001,54.819237,15785300
2021-01-19,57.439999,57.580002,56.98,57.049999,54.50396,18821300
2021-01-20,57.009998,57.389999,56.66,57.259998,54.704586,19923100
2021-01-21,57.189999,57.509998,57.049999,57.27,54.714138,13601500
2021-01-22,57.169998,57.689999,56.759998,57.470001,54.90522,16364500
2021-01-25,57.470001,58.619999,57.18,58.419998,55.812817,22444300
2021-01-26,56.990002,57.279999,56.41,56.57,54.04538,37892700
2021-01-27,56.639999,56.959999,55.060001,55.130001,52.669643,37239000
2021-01-28,55.0,56.330002,55.0,55.369999,52.898933,24000800
2021-01-29,55.0,55.27,54.48,54.75,52.306602,26231200
2021-02-01,55.27,55.27,54.220001,54.279999,51.857578,20541100
2021-02-02,54.43,55.169998,54.169998,54.5,52.067764,18974500
2021-02-03,54.310001,54.900002,54.25,54.790001,52.344822,13909300
2021-02-04,54.759998,55.369999,54.59,55.139999,52.679199,14761700
2021-02-05,55.200001,55.68,55.169998,55.32,52.85117,12069500
2021-02-08,55.369999,55.48,54.790001,55.049999,52.593212,17887700
2021-02-09,55.02,55.299999,54.68,55.0,52.545448,19605600
2021-02-10,55.220001,55.439999,54.919998,54.959999,52.507229,16232800
2021-02-11,55.02,55.060001,54.48,54.599998,52.163296,17398800
2021-02-12,54.419998,54.68,54.18,54.200001,51.781155,18357300
2021-02-16,54.110001,54.32,53.830002,54.150002,51.733383,22095700
2021-02-17,56.0,57.25,55.630001,56.990002,54.44664,40531300
2021-02-18,56.939999,57.610001,56.529999,56.98,54.43708,20759900
2021-02-19,57.330002,57.400002,56.349998,56.450001,53.930737,18689400
2021-02-22,56.529999,56.84,56.150002,56.450001,53.930737,17854900
2021-02-23,56.810001,57.529999,56.290001,57.029999,54.484856,21062000
2021-02-24,57.080002,57.419998,56.669998,57.119999,54.570835,17136900
2021-02-25,56.119999,56.860001,55.740002,56.5,53.978504,24165300
2021-02-26,56.470001,56.610001,55.290001,55.299999,52.832058,23935200
2021-03-01,55.490002,55.950001,55.279999,55.360001,52.889381,20550400
2021-03-02,55.310001,55.52,54.919998,54.98,52.52634,17184600
2021-03-03,54.560001,55.970001,54.400002,55.380001,52.908489,22838700
2021-03-04,55.549999,55.619999,54.529999,54.799999,52.354374,23692000
2021-03-05,54.950001,56.200001,54.919998,56.0,53.50082,23598100
2021-03-08,55.950001,57.299999,55.82,56.790001,54.255566,23648800
2021-03-09,56.900002,57.099998,56.169998,56.200001,53.691895,20956400
2021-03-10,56.689999,57.290001,55.849998,57.080002,54.532623,18848600
2021-03-11,57.009998,57.189999,55.470001,55.509998,53.032684,30312900
2021-03-12,55.73,56.169998,55.610001,55.630001,53.147331,22002400
2021-03-15,55.810001,55.939999,55.099998,55.639999,53.156883,18970600
2021-03-16,55.700001,55.919998,55.439999,55.639999,53.156883,19044700
2021-03-17,55.77,56.119999,55.290001,55.75,53.261978,17867000
2021-03-18,55.75,56.369999,55.66,56.310001,53.796986,19970700
2021-03-19,56.43,56.52,55.950001,56.240002,53.730106,39055000
2021-03-22,55.869999,56.669998,55.77,56.59,54.064484,20656600
2021-03-23,56.419998,57.419998,56.380001,56.91,54.370209,20084100
2021-03-24,56.740002,57.43,56.630001,57.009998,54.465744,14819800
2021-03-25,57.049999,57.540001,56.700001,57.380001,54.819237,18047400
2021-03-26,57.43,58.25,57.380001,58.18,55.58353,19632700
2021-03-29,58.09,58.98,57.950001,58.830002,56.204517,18577300
2021-03-30,58.869999,58.970001,58.23,58.59,55.975231,13239700
2021-03-31,58.400002,58.52,58.060001,58.150002,55.554867,19531700
2021-04-01,58.02,58.389999,57.740002,58.299999,55.698174,12885100
2021-04-05,58.529999,59.130001,58.459999,58.869999,56.242733,14326300
2021-04-06,58.810001,59.110001,58.68,59.110001,56.472023,12198300
2021-04-07,59.130001,59.459999,58.790001,59.0,56.366936,13218400
2021-04-08,58.040001,58.130001,57.529999,57.599998,55.621452,16472400
2021-04-09,57.599998,57.799999,57.25,57.490002,55.515232,13872000
2021-04-12,57.66,57.889999,57.43,57.540001,55.563515,19564600
2021-04-13,57.369999,57.759998,57.16,57.619999,55.640762,15489100
2021-04-14,57.5,58.130001,57.290001,57.700001,55.718018,13890100
2021-04-15,57.560001,57.91,57.540001,57.700001,55.718018,13338400
2021-04-16,58.07,58.48,57.799999,58.279999,56.278095,19866200
2021-04-19,58.5,58.709999,58.09,58.389999,56.384315,11955400
2021-04-20,58.119999,58.540001,57.970001,58.389999,56.384315,16673600
2021-04-21,58.400002,58.84,58.049999,58.139999,56.142902,18310100
2021-04-22,57.939999,58.09,57.139999,57.279999,55.312443,20921900
2021-04-23,57.130001,57.470001,56.779999,57.299999,55.331757,18099400
2021-04-26,57.360001,57.389999,56.849998,56.939999,54.984119,15073600
2021-04-27,56.580002,56.720001,56.200001,56.32,54.385418,21858600
2021-04-28,56.369999,56.66,56.34,56.43,54.491646,12862500
2021-04-29,56.549999,57.52,56.529999,57.32,55.35107,18169200
2021-04-30,57.349998,57.860001,56.959999,57.790001,55.804928,16861500
2021-05-03,58.23,58.330002,57.869999,57.919998,55.930458,17559100
2021-05-04,57.98,58.650002,57.950001,58.599998,56.587101,22067700
2021-05-05,58.630001,59.060001,58.549999,58.689999,56.674011,17882200
2021-05-06,58.91,59.369999,58.689999,59.290001,57.253399,14593100
2021-05-07,58.799999,59.07,58.599998,58.720001,56.70298,15678600
2021-05-10,59.080002,59.849998,59.02,59.52,57.475502,22563000
2021-05-11,59.790001,59.790001,58.290001,58.540001,56.529167,17971900
2021-05-12,58.25,58.900002,58.150002,58.41,56.403629,14718600
2021-05-13,58.0,59.189999,57.959999,58.810001,56.78989,13305100
2021-05-14,59.009998,59.259998,58.669998,58.689999,56.674011,13770000
2021-05-17,58.889999,59.07,57.869999,57.939999,55.949772,22387000
2021-05-18,57.5,57.5,56.639999,57.18,55.215881,26579000
2021-05-19,56.52,56.939999,56.349998,56.919998,54.964809,20213500
2021-05-20,56.91,57.25,56.75,56.790001,54.839279,20768900
2021-05-21,57.060001,57.299999,56.740002,56.91,54.955158,15474400
2021-05-24,57.09,57.299999,56.779999,56.98,55.022747,12970700
2021-05-25,57.0,57.029999,56.290001,56.48,54.539925,15935100
2021-05-26,56.470001,56.560001,56.27,56.360001,54.424049,14045200
2021-05-27,56.32,56.549999,56.02,56.290001,54.356453,30754300
2021-05-28,56.349998,56.639999,56.290001,56.490002,54.549583,14027800
2021-06-01,56.75,56.860001,56.240002,56.380001,54.443359,14922800
2021-06-02,56.310001,56.84,56.169998,56.650002,54.70409,13681100
2021-06-03,56.700001,57.220001,56.580002,56.98,55.022747,14212500
2021-06-04,56.919998,57.369999,56.900002,57.299999,55.331757,11868100
2021-06-07,57.23,57.330002,57.07,57.200001,55.235191,11144100
2021-06-08,57.240002,57.25,56.790001,57.150002,55.186909,15858400
2021-06-09,57.150002,57.529999,57.009998,57.049999,55.090343,14705100
2021-06-10,57.330002,57.610001,57.220001,57.34,55.370388,12013600
2021-06-11,57.490002,57.549999,57.009998,57.330002,55.360725,12929000
2021-06-14,57.189999,57.27,56.849998,57.18,55.215881,11907600
2021-06-15,57.18,57.450001,57.16,57.290001,55.322105,12602700
2021-06-16,57.369999,57.389999,56.630001,56.639999,54.694424,15678400
2021-06-17,56.650002,56.919998,56.5,56.529999,54.588207,14761100
2021-06-18,56.310001,56.310001,55.57,55.82,53.902592,38210500
2021-06-21,56.07,56.490002,55.98,56.389999,54.453014,13628200
2021-06-22,56.689999,56.779999,56.279999,56.369999,54.433701,13866600
2021-06-23,56.450001,56.75,56.049999,56.07,54.144005,16524500
2021-06-24,56.16,56.41,56.060001,56.369999,54.433701,15386200
2021-06-25,56.27,56.52,56.189999,56.380001,54.443359,14540300
2021-06-28,56.380001,56.5,56.169998,56.18,54.250229,13754900
2021-06-29,56.200001,56.369999,55.82,55.84,53.921909,15313000
2021-06-30,55.759998,56.139999,55.759998,56.029999,54.105381,14559700
2021-07-01,56.18,56.43,56.02,56.290001,54.356453,11672200
2021-07-02,56.380001,56.57,56.259998,56.439999,54.501297,11387100
2021-07-06,56.48,56.509998,56.0,56.41,54.472328,13815900
2021-07-07,56.349998,56.580002,56.209999,56.529999,54.588207,14393300
2021-07-08,55.75,55.98,55.549999,55.68,54.371426,18384000
2021-07-09,55.700001,56.23,55.619999,56.07,54.752258,13757000
2021-07-12,55.990002,56.360001,55.880001,56.150002,54.830383,13451500
2021-07-13,56.27,56.48,56.0,56.09,54.771793,12511900
2021-07-14,56.09,56.43,56.029999,56.32,54.996384,14821700
2021-07-15,56.32,56.599998,56.240002,56.549999,55.220978,12813900
2021-07-16,56.68,56.790001,56.41,56.459999,55.133095,11637900
2021-07-19,56.169998,56.439999,55.310001,55.84,54.527668,21958500
2021-07-20,55.950001,56.77,55.540001,55.580002,54.273781,20258900
2021-07-21,56.540001,56.849998,55.919998,55.950001,54.635078,25264100
2021-07-22,56.150002,56.279999,55.619999,55.950001,54.635078,16231400
2021-07-23,55.830002,56.029999,55.639999,55.880001,54.566727,14894300
2021-07-26,55.880001,55.939999,55.549999,55.779999,54.469074,15330500
2021-07-27,55.669998,56.34,55.48,56.200001,54.879204,15225800
2021-07-28,56.240002,56.32,55.689999,55.720001,54.410488,14595900
2021-07-29,55.889999,56.18,55.880001,55.98,54.664375,12841900
2021-07-30,56.029999,56.18,55.759998,55.779999,54.469074,13853500
2021-08-02,56.060001,56.259998,55.68,55.759998,54.449543,13833400
2021-08-03,55.759998,55.950001,55.57,55.73,54.42025,12573100
2021-08-04,55.599998,55.709999,55.279999,55.369999,54.06871,16446100
2021-08-05,55.41,55.5,55.25,55.299999,54.000355,12776600
2021-08-06,55.330002,55.59,55.209999,55.220001,53.922237,12653300
2021-08-09,55.279999,55.419998,55.110001,55.119999,53.824585,13452400
2021-08-10,55.099998,55.529999,55.0,55.48,54.176125,11756900
2021-08-11,55.610001,55.849998,55.52,55.57,54.264008,11727300
2021-08-12,55.619999,55.799999,55.529999,55.639999,54.332367,10744800
2021-08-13,55.700001,55.98,55.68,55.869999,54.556957,8378900
2021-08-16,55.919998,56.07,55.580002,55.98,54.664375,12964200
2021-08-17,55.869999,56.200001,55.77,56.18,54.859676,11847600
2021-08-18,56.049999,56.07,55.450001,55.470001,54.166363,15093500
2021-08-19,55.299999,55.66,55.189999,55.369999,54.06871,12679900
2021-08-20,55.330002,55.709999,55.200001,55.52,54.215187,10641100
2021-08-23,55.549999,55.709999,55.41,55.419998,54.117535,11963700
2021-08-24,55.41,55.419998,55.0,55.009998,53.717171,15478400
2021-08-25,55.02,55.080002,54.810001,54.93,53.639053,14666300
2021-08-26,54.91,55.060001,54.57,54.599998,53.316807,15256200
2021-08-27,54.650002,54.830002,54.529999,54.77,53.482815,13201000
2021-08-30,54.740002,54.959999,54.68,54.77,53.482815,11621200
2021-08-31,54.709999,55.139999,54.580002,55.0,53.707405,18405600
2021-09-01,55.0,55.150002,54.799999,54.939999,53.648815,12647300
2021-09-02,54.93,55.310001,54.900002,55.290001,53.990593,12875900
2021-09-03,55.240002,55.5,55.169998,55.43,54.1273,11006200
2021-09-07,55.380001,55.5,54.799999,54.82,53.531639,15500900
2021-09-08,54.790001,55.09,54.790001,54.91,53.619522,11835900
2021-09-09,54.830002,54.869999,54.43,54.439999,53.160568,19403300
2021-09-10,54.560001,54.669998,54.220001,54.23,52.955502,15923600
2021-09-13,54.400002,54.98,54.400002,54.619999,53.336334,20749000
2021-09-14,54.650002,54.77,54.279999,54.41,53.131271,16937500
2021-09-15,54.310001,54.66,54.310001,54.57,53.287514,15330000
2021-09-16,54.619999,54.790001,54.349998,54.43,53.150803,14431400
2021-09-17,54.139999,54.459999,54.060001,54.279999,53.004326,30787600
2021-09-20,54.060001,54.580002,54.009998,54.259998,52.984798,20440500
2021-09-21,54.290001,54.639999,54.009998,54.029999,52.760204,16906900
2021-09-22,54.139999,54.389999,54.02,54.060001,52.789497,15907900
2021-09-23,54.200001,54.610001,54.009998,54.419998,53.141037,14714100
2021-09-24,54.360001,54.57,54.25,54.369999,53.092213,12663900
2021-09-27,54.450001,54.650002,54.380001,54.470001,53.189865,13118200
2021-09-28,54.450001,54.689999,54.029999,54.16,52.88715,19528200
2021-09-29,54.09,54.66,54.09,54.380001,53.101982,14823000
2021-09-30,54.5,54.509998,54.0,54.009998,52.740673,18736600
2021-10-01,54.02,54.560001,53.919998,54.299999,53.023857,18618400
2021-10-04,54.450001,54.849998,54.279999,54.5,53.219158,18159200
2021-10-05,54.639999,54.810001,54.32,54.509998,53.228924,13218200
2021-10-06,54.34,54.59,54.009998,54.529999,53.248451,21339800
2021-10-07,54.040001,54.349998,53.830002,53.900002,53.258335,18069600
2021-10-08,53.869999,53.970001,53.220001,53.240002,52.60619,21370700
2021-10-11,53.259998,53.290001,51.98,52.18,51.558807,32088400
2021-10-12,52.18,52.18,51.110001,51.330002,50.718929,42154000
2021-10-13,51.209999,51.41,50.860001,51.349998,50.738689,27246900
2021-10-14,51.27,51.990002,51.16,51.919998,51.301903,27764900
2021-10-15,52.080002,52.810001,52.02,52.27,51.647739,26991800
2021-10-18,52.16,52.32,51.639999,51.91,51.292023,20853500
2021-10-19,52.0,52.419998,51.919998,52.349998,51.726784,16094800
2021-10-20,52.790001,53.740002,52.720001,53.610001,52.971786,30659500
2021-10-21,53.77,53.93,53.07,53.389999,52.754402,17771100
2021-10-22,53.419998,53.419998,52.880001,52.93,52.299881,16074000
2021-10-25,52.970001,53.099998,52.459999,52.580002,51.954048,15987400
2021-10-26,52.700001,53.169998,52.560001,53.080002,52.448097,15185200
2021-10-27,53.169998,53.200001,52.470001,52.630001,52.003452,15007400
2021-10-28,52.75,53.150002,52.619999,52.799999,52.171429,18374700
2021-10-29,52.5,53.049999,52.41,52.990002,52.359169,17758800
2021-11-01,53.240002,53.369999,52.869999,52.950001,52.319641,14177700
2021-11-02,53.049999,53.09,52.509998,52.57,51.944164,16913800
2021-11-03,52.59,53.07,52.52,52.939999,52.309761,12240000
2021-11-04,52.91,52.91,51.200001,51.849998,51.232735,30807500
2021-11-05,52.02,52.799999,52.02,52.240002,51.618095,17433600
2021-11-08,52.299999,52.419998,51.91,52.330002,51.707024,15985200
2021-11-09,52.299999,52.369999,51.990002,52.240002,51.618095,16014100
2021-11-10,52.419998,52.759998,52.209999,52.599998,51.973808,16261100
2021-11-11,52.740002,52.740002,52.360001,52.450001,51.825596,10983700
2021-11-12,52.509998,52.52,52.290001,52.34,51.716904,14376300
2021-11-15,52.439999,52.540001,52.07,52.400002,51.776192,14282700
2021-11-16,52.509998,52.619999,52.040001,52.060001,51.440239,15876100
2021-11-17,52.009998,52.060001,51.610001,51.73,51.114166,17679200
2021-11-18,51.5,51.650002,51.130001,51.240002,50.630001,19490300
2021-11-19,51.279999,51.32,50.669998,50.860001,50.254524,21105200
2021-11-22,50.849998,52.029999,50.650002,51.540001,50.92643,22751600
2021-11-23,51.560001,52.150002,51.560001,51.75,51.133926,21501600
2021-11-24,51.630001,52.110001,51.59,51.66,51.044998,15474500
2021-11-26,51.150002,52.200001,51.099998,51.799999,51.183331,17048100
2021-11-29,51.610001,51.849998,51.330002,51.66,51.044998,18652500
2021-11-30,51.259998,51.360001,50.040001,50.27,49.671547,47766200
2021-12-01,50.5,50.919998,49.740002,49.77,49.177498,26295500
2021-12-02,49.830002,51.169998,49.779999,50.73,50.126072,27364400
2021-12-03,50.59,51.490002,50.52,51.419998,50.807854,24708500
2021-12-06,51.639999,51.93,50.959999,51.07,50.462025,22433100
2021-12-07,51.0,51.009998,50.130001,50.790001,50.185356,27754700
2021-12-08,50.720001,50.849998,50.150002,50.490002,49.888931,20452700
2021-12-09,50.400002,50.400002,49.869999,50.16,49.562855,23628300
2021-12-10,50.330002,50.330002,49.990002,50.189999,49.592499,18494600
2021-12-13,50.099998,50.540001,49.689999,50.279999,49.681427,27618800
2021-12-14,50.369999,51.150002,50.18,50.650002,50.047024,31555900
2021-12-15,50.830002,51.040001,50.48,50.549999,49.948212,24115700
2021-12-16,50.66,52.919998,50.549999,52.75,52.122025,40091300
2021-12-17,53.049999,53.220001,52.360001,53.169998,52.537022,54501100
2021-12-20,52.73,53.34,52.689999,53.09,52.457977,23418000
2021-12-21,53.259998,53.330002,52.650002,52.779999,52.151665,23905300
2021-12-22,52.580002,52.900002,52.060001,52.77,52.141785,16486500
2021-12-23,52.849998,53.09,52.669998,52.68,52.052856,14921400
2021-12-27,52.689999,52.82,52.450001,52.68,52.052856,19705800
2021-12-28,52.630001,53.09,52.610001,52.720001,52.092381,12126500
2021-12-29,52.77,52.880001,52.34,52.360001,51.736668,15109500
2021-12-30,52.380001,52.57,52.080002,52.25,51.627975,15615500
2021-12-31,52.200001,52.310001,51.880001,51.959999,51.341427,15904100
